%YAML:1.0
---
numProcessingRegion: 1
ProcessingRegion0: !!opencv-matrix
   rows: 5
   cols: 2
   dt: i
   data: [ 459, 235, 1190, 200, 1915, 654, 1916, 1078, 537, 1078 ]
